-2.8981	-2.3896	-1.9852	-0.33206	-0.51456	0.29901	-0.98565	-0.16687	-0.11702	1.5969
-1.1485	-0.68908	0.2091	1.2251	-0.56649	0.73201	-0.26126	0.2863	0.94974	0.063658
1.4654	0.43601	0.69522	-0.043116	-0.45706	-0.63667	0.114	0.091814	0.78745	0.94112
-1.6764	-1.4342	0.9449	1.6462	1.6357	1.2304	-0.41596	1.4929	-0.36647	-0.39698
0.66125	1.359	-0.19315	0.076155	0.37413	0.13361	-0.4061	0.60128	0.47055	-1.0602
0.21679	1.2734	0.75136	-0.56205	0.47076	-0.14797	-0.44117	0.68187	-0.56547	1.2839
0.34309	2.7718	0.34791	-2.3974	-0.19162	0.68753	-0.12535	-2.65	0.76192	0.86092
-0.67774	-0.72915	-1.2564	0.3238	-0.68491	0.3291	0.93573	-1.3075	0.34005	-0.61935
1.6502	1.8628	-0.4076	-0.63571	0.32567	0.45482	0.95323	0.22182	0.33563	-1.2307
1.1197	0.62947	-1.7478	0.5599	-0.23564	1.0476	0.44513	-0.56153	-0.1838	-1.8137
-0.60433	-0.73932	0.33213	2.0916	0.86107	-0.45442	0.34542	0.003798	0.11857	0.14918
-0.77197	2.5607	0.94324	0.56222	-1.4001	-1.4554	-1.7236	-0.7821	0.45516	-0.30137
-1.64	-1.4573	-0.36929	-1.5779	-0.7204	-1.1903	-0.45439	-1.1578	0.28371	0.98456
0.45003	1.6233	1.1422	-1.1576	-0.15761	-0.50764	0.95289	2.4453	0.33808	-0.57144
0.42905	-0.44035	-1.2894	2.39	0.40894	-0.090353	0.68756	-0.45958	-0.1981	-0.65208
1.4009	0.57582	0.29418	0.28164	-0.28494	1.1439	0.469	-0.26978	1.0656	2.2158
-1.6924	-2.0015	1.8263	-0.11311	-0.86773	0.68492	-0.29332	-0.19271	-0.44931	-0.26839
0.56993	0.94363	0.19773	-0.39545	-1.1189	1.3722	-0.15855	0.32033	0.25759	1.8707
-0.63228	-2.0906	1.0418	-0.16288	0.89866	-1.4766	-1.9788	0.9655	-1.8809	-1.4668
-0.63984	-1.1912	-0.12408	-1.2958	-0.07176	0.11969	0.2946	-0.10594	-0.93004	1.0701
0.32175	1.6895	-0.51696	0.52188	-1.8195	0.4561	0.67156	-0.11408	0.43881	-2.1666
1.6507	-0.058466	0.22074	-1.1448	-0.074688	-1.8305	-0.87394	-1.0378	1.8615	0.34652
1.4996	0.074769	0.10067	-1.3023	-0.84344	0.90204	-0.74526	0.38157	-0.044953	0.85335
-0.98826	-1.0596	-0.026131	1.1826	-1.7058	0.26506	-0.17641	2.3453	-1.8252	1.4143
-1.6509	-1.2257	0.86054	0.29169	-0.99915	0.34681	-0.061448	0.72122	1.3279	1.1156
0.063951	1.5438	-0.85984	-0.62058	0.25535	0.71737	1.2747	-1.0191	-1.3495	0.23
2.0929	-0.60548	0.3452	1.7096	-0.45745	-0.045865	-0.12692	-0.021753	0.40108	0.96322
1.198	1.6261	1.1435	0.57777	-0.78358	-1.9737	-0.25631	-0.40083	-0.33935	-1.156
2.3399	-0.027703	-0.75889	2.6929	0.43107	1.2532	-0.090828	1.4765	0.096068	0.50664
-1.0673	-1.2246	-0.24181	1.0023	-0.20731	-1.9688	0.10879	-0.25827	-0.44511	-1.2674
-0.67951	-1.5185	0.35691	-1.0305	2.5467	0.11821	-0.79549	-1.1293	0.55656	1.3327
0.12753	1.6166	-1.1213	0.70685	1.172	-0.4404	-1.0733	1.0328	-0.7193	0.6263
2.3048	-0.12087	2.029	-0.65645	0.50796	-1.3164	-0.71076	-2.1668	3.3306	1.0743
2.1023	1.188	1.7397	-0.7514	-0.64009	1.7507	-0.090769	-1.5556	-0.37285	1.0476
-1.6351	-1.5273	1.267	-0.48631	0.37884	0.78252	0.92474	-1.6793	-0.11919	0.5439
-1.2999	-0.69112	1.5417	1.2691	0.58164	-1.0057	0.65422	0.10982	-0.73474	-0.031905
0.52463	0.35154	1.2289	-0.1339	0.23442	0.47414	1.3014	-0.879	-0.82215	-1.5132
1.9423	-0.59031	1.2329	0.84004	-0.01455	-0.47091	-1.7426	1.3258	1.718	2.4827
0.81156	0.62901	-0.9311	-0.055051	-0.17038	-1.1743	0.46954	0.60787	-1.0063	-1.1991
1.6795	0.26675	-1.0582	-0.46994	0.59284	-0.014889	-0.89154	1.0104	1.141	-0.55591
-0.14163	1.1563	1.3689	0.14611	-0.86319	0.31569	0.14679	0.18231	0.69441	0.476
2.1257	-0.43939	-0.65724	-0.41102	0.13313	0.2962	-1.7281	-1.1335	0.12725	0.19393
0.83533	1.031	0.60628	-0.047539	0.39846	0.45725	-1.6007	-1.0151	0.86274	0.45322
1.4854	0.35838	-0.31684	1.7938	-0.53184	0.32582	-0.6098	0.95467	0.29689	-1.22
-0.22832	-1.9269	0.41019	1.3092	-1.6985	-0.12554	1.5705	-1.0567	0.11857	-0.1716
-0.71331	-1.382	0.46235	1.1189	-0.95195	-0.7656	-0.71532	-0.094252	0.56833	0.57093
-1.3943	0.71716	-0.33145	-0.84445	-0.18148	1.0169	1.0372	0.10289	-0.0064776	-0.24594
0.26684	-0.55299	-0.43528	-0.76754	0.071481	0.44469	1.627	0.8152	-0.13704	-0.78519
0.46911	2.6316	1.1864	0.13831	0.45433	2.3247	-0.066568	0.78831	-0.42991	0.54588
2.3496	0.62054	1.6773	-0.73386	0.31926	-1.1904	-0.47217	0.53326	1.0175	-0.21576
-0.087108	-0.17836	0.057496	1.5058	-0.34757	-0.11402	0.45042	-0.15304	0.70341	-0.12803
0.4376	1.1949	-2.9785	-0.69415	-0.46034	1.0751	0.65415	2.031	1.4559	-1.7367
2.0315	1.0669	1.9764	1.5833	0.13135	1.3648	0.33612	-1.0616	0.95373	0.77681
1.8728	-0.48215	0.69688	0.7633	1.5539	0.3393	0.28128	-0.93387	0.3609	1.5561
1.3196	1.4498	0.28007	0.22194	-0.21385	1.2678	1.3336	-0.71997	0.58473	-0.36302
0.018216	0.044204	-0.64402	0.77803	-0.8369	0.54971	0.78826	0.57538	-0.25585	-1.6588
0.0078821	1.6295	-0.60495	-0.55332	-0.45204	0.24826	1.0772	1.5232	-1.2074	-0.3348
1.4985	-0.39701	0.49905	0.73202	-0.35969	-1.2658	-1.7264	1.321	-1.9976	-1.5316
-1.9092	-0.9467	-0.56235	1.4012	0.88132	0.24015	-0.23719	-0.38425	1.8087	-1.4889
-1.5643	-1.7209	0.59374	-1.0896	-1.4999	0.15807	-0.87453	0.61804	-0.27419	0.99326
-1.1585	-1.9348	-0.3105	1.4971	1.109	0.38322	-0.0021741	-0.0049894	-0.21787	-0.73184
0.27824	1.519	-0.49191	-0.16575	0.051885	0.49718	1.1657	-0.41715	0.91686	2.0921
0.75418	0.78799	1.7073	-0.14024	0.70621	0.98496	-0.076141	0.26206	-1.2175	-1.2504
-1.4528	-1.0991	-0.80657	-0.99138	-0.84562	-0.56492	-0.70266	0.0088412	-1.883	-0.68335
-0.39723	-0.53412	-2.3662	0.33116	-1.2431	0.6195	0.4632	0.43173	-1.8252	-0.30732
0.43624	1.1777	1.4403	1.2576	0.14401	-0.53131	-0.92869	0.19208	2.6355	0.21159
-1.6159	-0.90834	-0.52223	-1.2384	1.3144	-0.5026	0.98945	-0.56585	-1.168	-0.49056
1.2126	-0.20499	0.36159	1.2052	1.8469	-1.7474	2.0215	0.056649	-1.4275	-1.3218
0.50715	1.1751	0.13802	0.74117	0.82345	0.66108	-0.37836	0.37281	-0.012931	0.86708
0.75593	-0.0031723	0.91047	-0.88611	-1.0888	0.96029	-0.64929	-0.7637	1.0683	-1.5364
-1.1666	-0.7258	0.31343	-1.087	0.11412	-1.8467	0.84164	-0.647	0.17582	-0.78372
-1.5415	-1.3664	-0.33399	0.57649	1.2736	0.059257	-0.52377	0.048235	0.77855	-0.32577
-1.8957	-1.9489	-0.33225	-0.42129	0.98239	2.6636	-0.00019848	-0.31536	0.3454	0.57434
-1.0827	-1.0343	-2.1623	-0.44752	1.5532	-0.36529	-0.87236	0.031501	-1.2319	-2.4932
1.0467	1.1133	0.80636	0.62426	-0.76649	-0.32655	-0.25182	0.27739	-0.93675	1.0945
-1.8863	-1.7164	2.0596	-0.82238	1.9025	1.0442	-0.43799	1.3266	0.54543	-0.092056
2.9099	0.50778	-1.2291	2.1315	0.83697	1.09	-0.15385	-0.51483	1.4389	0.059075
-0.22857	-0.051988	-0.039942	-0.15564	0.5009	0.45732	-0.11533	-0.030443	-0.41713	-0.62125
-0.79622	-0.93055	0.087473	0.30775	1.2159	0.1626	-1.4088	0.22029	-0.34479	-0.5773
1.4922	0.61655	2.3573	-0.69948	-0.22714	0.43795	-0.36032	0.72545	0.34604	2.4997
2.1006	-0.52074	0.92187	-0.50092	-0.47128	-1.1726	-0.59826	-1.4864	0.44884	0.042261
1.8864	0.34174	0.0095056	-0.91983	-0.072641	1.4974	0.23886	-1.2769	-0.57649	-1.0779
-0.56313	-1.0712	-1.873	1.1687	1.5484	0.59025	-0.29876	-0.3964	-0.29067	-1.3038
-1.6952	-2.7106	0.82525	-0.28369	-0.81153	2.117	0.044202	0.24171	0.97164	0.21166
2.0093	0.33376	0.37753	-1.628	-0.74758	0.13069	1.6611	1.5342	-1.0403	0.0019629
0.83784	0.8456	0.69336	0.36761	-0.50852	-1.5981	1.8452	0.17788	1.1101	0.69253
1.323	2.0441	1.0044	1.4144	0.035924	0.079236	-0.5242	0.037233	-0.6257	-0.72178
-0.18917	2.114	0.33439	0.3508	0.69716	-0.49594	-0.78047	-0.025347	-0.075576	0.27013
-0.15618	2.6525	0.0085651	-0.9699	2.2035	0.12795	0.27473	1.2527	0.67766	-1.3521
1.3382	0.15523	0.85568	0.876	0.33693	-0.19612	0.89737	-0.54066	-0.20397	-0.28872
-0.40532	-0.29032	1.3753	1.0071	-2.4599	-0.040705	2.0615	-0.90126	-1.4795	1.3106
-0.68622	-0.06388	0.026361	-0.86662	-0.13233	-1.4617	-0.29013	1.0439	-0.65846	-0.76012
-1.5515	-1.0968	0.74998	1.2354	0.17978	-0.616	-0.050617	-0.21976	-0.17382	0.30778
1.2751	1.4988	0.94266	0.24987	-0.72136	-0.95141	-0.66574	1.1169	-1.0647	0.21287
-0.40033	-0.70594	-1.3527	0.40393	0.64127	0.72809	-0.4349	0.03869	0.43738	0.65007
-0.9233	-1.6737	1.2766	-1.3406	0.23091	1.1856	-0.98441	-1.3553	1.3867	-0.74257
0.35581	1.3171	-1.4473	0.9304	-1.067	1.1643	-0.12097	-0.56511	-0.42416	-0.46981
0.15743	0.14858	0.29873	-0.58776	0.42411	-1.2283	-1.7304	0.080752	1.6255	-1.6785
0.3618	1.606	-1.4799	-1.0286	-0.64986	-0.12848	-0.87714	1.6823	0.61726	-0.60638
2.437	-0.62247	-1.9054	-2.4612	0.28681	-0.54855	0.0020492	-0.68573	-0.12809	0.79572
1.9544	0.50678	0.069832	-1.038	-1.2532	0.34218	0.35364	0.20108	-0.81618	-0.94692
-0.90591	-0.58912	-0.65608	-0.79831	-0.25395	0.57116	-1.1037	0.34314	-0.0055101	0.75206
1.7602	1.2616	-0.089002	-0.45905	1.7116	-1.3088	1.0282	1.0278	0.32542	-0.41355
-0.27096	-1.2403	0.66269	2.1838	1.6131	-1.2838	1.368	-0.46479	0.35577	-0.20768
-1.1115	-0.97543	-0.044802	0.47041	0.73102	-0.78849	-0.25323	-0.45101	1.8247	-1.5884
-2.1036	-2.3791	0.5677	-0.81862	-0.71013	0.42542	-1.577	0.14641	-0.28788	-0.749
2.1024	0.16761	-1.239	0.91982	0.15094	-0.76932	1.6264	2.3619	0.69891	0.39213
3.0369	0.49835	-1.0245	0.44578	-0.7723	-0.47895	-0.034359	-1.978	-0.54693	-0.0068089
-1.4353	-0.96735	-0.79839	0.37536	0.28851	0.30255	0.95863	-1.2881	0.048529	0.1047
1.4699	-0.43165	1.4139	0.037733	0.43928	1.4265	0.36166	-0.24413	-0.85928	-1.705
0.06024	-0.038897	-1.2945	1.557	0.11287	-0.056006	-0.28056	0.26452	0.81362	-0.49948
-1.272	-2.1726	0.43238	-1.9343	-2.6863	-0.060551	1.9348	1.0651	1.8775	-1.359
1.6959	0.53444	-0.73846	-0.34885	0.34214	0.65508	-0.20514	-1.3053	-0.39217	-0.46791
0.66703	0.39653	-0.063966	-0.32583	-1.2875	-0.23156	0.51079	-0.029904	-0.1847	0.93387
0.05117	0.90857	0.17243	-1.3284	-1.1378	0.3457	0.45313	0.24563	-0.55178	-0.10187
-0.79157	3.485	0.6846	2.2	2.9095	0.66063	-0.025374	1.3082	-1.158	1.5575
-1.7548	-2.3686	0.089603	-0.098311	1.6479	0.10338	0.29417	1.2442	-0.76379	1.2858
1.528	0.94894	1.1514	0.91435	0.018134	1.1995	-0.44021	0.16153	0.53523	1.3753
2.5984	-0.83435	-2.5245	0.56857	0.75331	1.2536	-1.7247	1.8292	-0.73902	0.53418
-0.77981	-1.165	1.0926	0.38695	-0.30486	-0.22803	0.51673	-0.65582	0.48835	-0.61999
-1.3969	-0.91195	1.4593	1.2959	0.46216	-0.21339	0.27	1.024	-1.4417	0.42613
-2.8683	-3.2093	-1.3912	0.34802	0.48683	0.66265	1.5338	-0.89294	-1.2468	-0.92475
-1.2553	2.3659	0.041733	0.0787	0.33004	-1.594	-1.676	-2.1063	-0.72712	-0.3688
-0.40416	1.8719	0.73959	-0.83137	0.38061	-0.086046	0.262	1.6319	0.72028	-0.54138
0.39002	2.8275	-1.2485	0.33997	-0.92338	-0.88556	0.45383	-1.222	-0.29127	0.3412
-0.9188	0.10809	-0.42855	1.5375	-0.68767	0.96419	0.28758	0.0096902	-0.7113	-0.4607
-0.35394	-0.21082	-0.60684	1.327	-0.62832	2.3983	-1.0082	-0.16099	1.2472	-1.0092
0.7316	1.9164	-1.0645	0.51085	0.6547	-0.16537	1.6558	0.67387	0.73108	-1.0851
-0.9812	0.15356	-0.29089	0.85769	-0.42638	-0.99523	-2.085	-1.1578	-0.86127	-1.1074
-1.9139	-1.9366	-0.62207	1.385	-0.58269	0.85815	-0.15691	-1.1526	0.072836	0.57518
-0.25528	-0.0177	-1.7579	-1.0046	1.5582	-0.28302	0.15488	-1.1241	2.4409	1.3853
1.4211	1.321	-0.29139	0.84796	-0.019369	0.82098	-0.70235	-1.4556	2.2281	1.5823
1.2768	-0.15314	0.46922	-0.059381	0.60851	-1.5189	-1.4519	-0.13962	0.52434	0.53887
1.1028	1.7816	-0.77193	0.11222	0.18133	1.3824	-0.37868	-1.014	-0.089742	1.236
-1.4489	2.0381	1.5855	-0.71702	-0.53787	-0.10312	0.95801	0.27948	1.9447	-0.58806
1.6032	-0.3666	-0.52755	0.26886	-0.27377	-0.014159	0.10209	-0.68613	0.14222	-0.75154
-1.4148	-0.18824	-1.5602	-0.5085	-0.0086165	0.95719	0.21407	0.12421	0.59438	-0.42417
-0.023718	-1.6247	0.34633	-0.79434	-0.17156	1.239	-0.61122	1.2714	-0.22985	1.5667
-3.5611	-2.5643	-0.43256	0.12327	-0.90675	-0.45914	0.92029	-1.5527	1.4218	0.20391
-1.4708	-0.84531	-0.56985	0.080347	-1.2128	0.60199	-0.72676	0.13901	1.0616	-0.86962
-1.7165	-1.1116	-0.024784	1.0825	0.39823	-1.3811	0.51782	0.39817	-0.35871	0.49944
1.8062	0.38889	-1.644	-1.8255	0.92481	0.63298	0.2553	0.50555	1.4336	-1.1961
-0.83996	-0.94807	0.11303	-0.0714	-0.16421	-0.099553	0.11078	0.82407	-0.52894	-0.76473
-2.0965	-1.7316	1.568	0.1786	-0.1572	0.05369	0.85703	-0.73349	0.13579	0.35481
0.14619	1.2038	-1.1906	-0.93076	0.0065651	-1.83	-0.017747	0.020161	-2.2065	1.0066
-2.0434	-1.2431	-1.1719	-0.74714	0.95268	-0.6694	0.22803	1.0203	-0.50186	-1.4011
-0.32487	-0.99134	-1.7966	-0.23277	-0.73719	2.1362	-0.61594	0.36797	0.048762	0.74838
1.8746	2.2957	0.11777	1.2562	1.3455	-1.4345	0.4626	1.0774	0.3976	1.37
0.32872	2.2426	-1.4456	0.98566	-0.5552	0.79479	-0.31156	1.2833	1.7385	-2.4749
-0.66862	-0.83146	1.1863	-0.25662	-0.10716	1.11	-0.78385	-0.24817	2.1694	-1.7766
0.51381	1.0816	1.2037	0.74024	-0.087357	-1.4884	-0.03279	1.3203	-0.21956	-0.44465
0.31503	2.231	-1.9617	-1.5362	1.0736	1.5601	0.51062	-0.41017	1.0366	0.48702
0.24264	1.6179	-0.5906	2.2422	0.47225	-0.89022	0.51102	0.69893	-1.533	-1.1954
-0.5915	-0.021939	-1.0911	0.52679	-1.4851	-0.3083	0.0050886	-0.33643	0.48605	-1.1594
0.51774	1.9758	0.41091	0.12238	0.41218	1.0774	-0.17689	-1.1859	0.70147	0.61541
0.03123	1.767	-0.22248	-0.95989	1.0903	-0.99745	0.16947	-2.0558	-0.48137	-0.85714
-1.0586	-1.5674	-0.57908	0.9079	-0.014614	0.4415	-0.65414	0.16438	-0.050686	-1.7927
3.3285	-0.72379	-0.87489	0.1091	-0.27627	-1.9583	-0.79666	-1.2785	0.54872	1.0382
0.42697	-0.58765	1.1649	-0.72904	0.66776	-0.066269	0.98072	1.5133	0.95241	-0.48276
-0.71377	-1.5601	0.44459	-0.22731	-0.078369	0.06553	-0.11022	0.41178	0.77779	-0.68922
-1.0405	-0.69358	0.89845	-0.21128	-1.6161	1.2578	0.98893	-1.7452	-0.94203	0.057357
0.75591	0.82894	-1.1003	-1.3236	-0.27172	-0.62383	-1.1634	1.7293	0.35201	1.006
2.2668	-0.29	0.59705	-0.016643	-0.25043	-1.5301	1.3223	0.87411	-0.53779	-0.91753
0.35754	0.46591	-0.3231	-1.2835	0.33836	-0.57464	-0.2638	-2.0514	-0.48741	0.23371
2.0664	-0.86921	1.6901	0.16924	0.63805	1.3628	0.57425	0.10248	0.16161	-1.9073
-1.2355	-0.86373	-0.25691	1.4958	-0.23958	0.92748	-0.6627	-0.25638	1.3315	1.2478
1.3289	-0.43075	-0.59117	0.95313	1.0834	0.70348	0.22255	-1.5437	1.1095	-0.044517
-0.11058	2.4236	-0.43304	0.29103	1.1928	-0.27845	-0.96778	0.72716	0.46377	0.54511
-0.57211	-0.91622	-0.65111	-1.2566	-1.1824	0.029718	-1.5026	0.89986	-0.3516	-1.4348
-2.4636	-2.1574	0.58151	-0.86622	0.44522	0.52231	0.62244	-2.0495	0.85577	-0.92903
-0.60377	-0.707	-0.32693	-0.76149	-1.8885	0.22162	0.31356	-0.43711	1.3237	1.8029
1.0213	1.6554	-0.5222	0.8949	1.4915	-1.0584	0.2651	-0.0053355	-1.0611	1.9166
1.2699	0.27299	-0.49766	0.53002	-0.71186	-0.58562	-1.6142	0.24519	-1.532	-0.082256
-1.9025	-1.3848	-0.87513	-0.6175	-0.98254	0.53977	0.56922	0.19489	0.70321	-0.92027
-1.1601	-0.66486	-0.36762	1.5938	-0.61037	-0.68031	0.41426	0.75792	1.4765	0.83134
-0.35691	-1.0605	-1.6894	-0.77298	-1.3542	-0.15083	3.0954	1.5473	-1.0539	1.3703
-0.21492	-0.73267	-0.53543	-0.040717	-1.4192	0.68393	0.6211	-0.27147	0.70894	-1.0874
-1.4144	-1.4759	0.157	0.35909	0.93632	0.37423	-0.79917	0.1117	-0.17377	1.1639
0.74081	1.1695	0.82701	-0.35879	1.5462	-2.0022	1.6199	-1.1511	0.62109	0.12011
-0.35053	-0.42172	1.0912	0.74914	-0.64779	-0.026587	0.48394	0.49234	0.073642	-1.0163
-0.39709	-0.93705	-0.75276	0.63842	-0.30889	0.56176	0.93548	-1.3128	-0.54716	-0.62646
-2.4336	-1.6848	-0.1908	0.57288	0.48795	-0.49422	-0.84241	0.18061	-0.22897	-1.3382
1.4916	-0.54423	0.23798	0.4236	-1.4878	-0.39723	1.1819	1.307	-0.65064	-1.5208
1.3148	1.5356	0.21446	0.2848	0.69706	-1.407	-0.20145	-0.63327	0.51522	-1.1305
0.80891	1.4796	1.1291	-0.6288	-0.56036	-0.46034	-0.27022	0.5309	-0.12226	-0.010539
-2.2075	-1.0168	-1.3852	-0.4165	-1.3107	0.62033	-1.1298	0.14752	-0.98921	-0.19012
1.961	0.098259	-0.12961	-1.716	-0.4687	-0.13983	-1.8512	1.3434	-1.8348	0.36213
0.92469	0.99934	0.26453	-1.6223	1.9653	1.4672	0.61003	-0.0048725	-0.48615	1.0445
-0.78536	-0.8193	-1.8083	-0.61065	-0.99948	-0.44203	0.5064	0.12185	0.60139	0.60266
-0.68938	-0.1221	0.81478	-0.51345	1.1729	0.93312	-1.0199	0.53185	0.1598	-0.24823
1.0972	0.62741	1.1718	-0.48512	0.54166	-1.4419	3.0903	-0.55167	0.15851	-0.6455
-0.30642	0.1089	-0.84558	-1.0164	0.038545	-0.020254	-2.1857	0.73908	-0.85399	-0.74234
-1.3377	-1.8543	-1.0526	-0.77347	1.239	-1.048	-0.97829	-0.53584	0.41103	1.0344
0.76059	-0.58408	-1.1588	-0.70723	0.42433	1.1286	0.7441	0.53075	0.022903	-0.89801
-0.57095	-0.49416	-1.7801	1.3203	-0.9379	-0.35101	-0.28859	0.83629	0.31163	-0.30542
-0.24249	0.91104	0.25847	-0.28072	-0.3143	-1.3172	1.848	1.2959	-0.73589	-0.62559
1.0914	0.83151	-0.94252	0.032717	0.9456	-1.5504	1.1821	-1.2321	0.32805	0.060152
-1.3989	-0.57968	0.20904	-0.7793	0.48928	0.48205	-1.5988	1.1473	1.565	1.2974
-1.1676	-2.0041	-0.78049	-0.63269	0.86793	0.085554	1.1499	-0.45009	-0.6623	1.4238
-0.27602	1.5563	-0.67741	-1.0147	-1.4551	-0.94859	-0.55173	0.76523	-1.4562	2.2512
0.86912	0.2693	-0.20888	0.78644	-1.118	-0.18337	0.46852	0.20167	1.1136	1.097
-1.0458	-1.2827	-0.25083	-0.069864	-0.16045	0.092528	1.1976	-0.69015	-0.7084	0.30543
-1.8658	-0.68384	-1.1235	-0.53418	-0.92438	-0.61961	0.38298	0.61585	-0.82288	1.9966
-1.9041	-1.9469	0.97913	-1.0244	1.6139	0.38903	-0.88217	-0.82179	-0.88386	-1.7659
-1.4559	-1.0148	1.8782	-1.7138	-1.19	1.2647	-0.77362	-0.36425	0.75868	0.30599
-0.23042	2.6292	0.62752	1.3665	0.78152	0.15096	1.1756	-0.1855	-0.85359	-0.52478
1.728	1.2792	0.42103	1.1019	-1.5657	0.34758	1.0873	2.1764	-0.11061	1.0004
-2.0833	-1.3901	-0.27138	1.5898	-0.66609	2.4256	1.8204	0.93052	1.7188	0.53374
0.47523	-1.0476	0.65682	-0.93772	-1.9911	-1.307	-0.63992	-2.1297	0.68555	2.2075
1.848	0.30166	-0.63962	-0.4061	1.9593	1.0401	0.23864	0.24891	-0.54796	0.96293
0.78457	2.3248	-0.59045	0.55464	0.12037	1.4705	-0.57742	0.66135	-2.2777	-0.9124
-0.76904	-1.6318	-1.6948	-0.51447	-0.35796	-0.35235	-1.2218	0.8773	-0.49304	-0.84568
1.7595	0.0089126	-0.77492	0.831	0.43084	1.5488	0.88292	0.41902	1.1436	-0.31029
-1.5193	-2.0601	0.54321	0.53117	0.83351	-2.4354	0.15646	-0.19304	-0.5395	0.23521
-0.0077666	1.8543	-0.93475	-0.76358	-1.1806	-0.89836	-1.3692	-0.94118	-0.66121	0.50256
-0.84913	-1.304	0.81473	-0.98029	0.26671	-0.013069	-0.97952	-2.4695	1.3563	0.10869
-0.71387	-1.6741	0.54621	-0.047305	-0.68732	2.0547	0.66079	-1.0763	-0.51987	-0.61177
-2.6584	-1.8771	1.8967	0.33472	-0.59994	0.68499	-0.34656	0.090596	-0.58125	-0.39408
2.0733	0.53604	-0.0047979	-0.63363	-0.21177	-0.96007	1.5915	-0.79751	0.04615	-0.28914
0.097947	1.7544	1.7728	-2.2324	1.0841	-0.96146	-0.10384	-0.68169	-1.455	-1.7931
-3.1271	-3.2331	-0.61597	-0.55852	-0.52052	-1.1447	-2.7554	-0.39783	0.22634	-1.0704
-0.37986	-0.73294	-0.3127	-0.21526	0.11106	0.48272	-0.14748	-0.92917	1.2387	0.9013
-1.0311	-1.8085	0.12216	0.52114	-1.2904	-0.48256	-2.191	-1.8606	-1.1366	-0.95715
-0.48552	2.9302	0.60056	0.14668	-1.6265	1.3697	1.4544	-0.3603	-0.60042	0.82049
0.6791	1.4624	0.93579	-1.0486	0.50733	0.18503	0.6854	-0.31751	-1.2064	-1.1271
-0.62184	-0.79105	0.20172	-1.2208	1.016	1.5657	0.26229	-0.41926	-0.3773	0.14404
-2.5502	-1.3075	-1.5718	0.16987	1.4243	0.20211	-1.51	-0.37907	0.35267	0.18858
-0.14025	-0.64087	0.4746	0.33315	0.40132	0.23461	-0.51084	-0.92228	0.19602	-0.036572
0.51056	0.7861	-0.24015	-0.69867	0.13483	-0.82701	0.73697	-1.3736	0.45661	-1.002
2.7927	-0.69966	-1.0221	0.52491	0.021564	0.10522	0.35579	1.0535	0.0084014	0.048174
0.7408	1.3545	-0.99884	-0.095097	-2.7487	0.55093	-0.029375	1.2577	1.4115	0.10611
-0.29873	0.28171	0.18091	-0.34122	0.54563	1.7204	-0.80709	-0.21111	-0.28085	1.2551
-1.6849	-1.4349	-0.4126	0.37561	0.081967	-0.68838	0.47566	2.6081	1.8883	0.48254
1.2635	0.52925	-1.0168	-0.83446	0.10491	-1.5754	0.4341	-0.23453	-0.71681	-0.12038
-1.894	-1.8632	-0.5023	0.14333	-0.75222	0.099027	-0.057685	0.76768	0.48797	1.6095
-1.6676	-1.6172	-0.0083183	0.46162	-0.54932	-1.3744	0.96122	0.38821	-0.068409	0.61808
-1.7109	-1.2824	-1.9046	-1.9184	-1.0088	2.3552	-1.527	-0.13863	0.36623	0.62645
2.2754	0.22371	-0.23098	0.70345	-2.2401	-1.2279	2.0441	-0.47844	-0.86349	-0.75776
-0.3083	-1.6032	0.5099	-0.98424	-0.36079	-1.5646	-0.039751	0.0054423	-0.12633	0.16631
-0.54528	-0.5511	0.62226	0.6966	-0.35663	0.75206	-0.14487	-0.39927	-0.59884	0.40944
1.6837	-0.13223	1.6713	-0.24677	-0.9795	2.0788	-2.0108	1.4523	0.41313	0.22301
1.2622	0.7759	-1.5986	0.57622	0.51595	-0.34652	-0.47101	0.38424	-1.2574	0.67297
0.90705	0.29959	0.14448	1.3814	-2.0893	-0.32769	0.78431	1.0004	1.4193	-0.11968
2.3763	-0.6502	1.6681	-0.41152	-0.41275	0.75576	0.37945	-0.061854	-0.10238	-0.26255
-1.0701	-1.0094	1.6373	-0.86031	0.014738	1.0933	-0.0073826	-0.024095	0.87311	0.17478
1.3909	1.3077	0.40614	0.68242	0.084047	-1.0641	-0.938	-0.29163	1.9453	0.14172
-0.61799	-0.23783	0.092453	0.29489	0.92103	-0.6192	0.95986	-1.2688	-0.70671	0.40365
0.69341	1.9251	-0.79903	0.96956	-1.447	-2.6976	0.69134	0.80379	0.51833	1.2947
-1.2916	0.69419	0.53682	0.34079	0.13142	-0.9334	0.11724	-0.16963	-0.09942	-0.79185
-1.2132	-2.5627	-0.36157	-1.12	0.18019	0.36719	0.60513	-0.28529	0.74564	2.0204
1.3666	-0.34541	-0.70903	0.13666	-1.0656	-1.0786	-0.15319	-0.5338	1.1117	-0.17627
0.016093	0.18855	1.0277	-0.27457	0.54574	0.25283	0.082204	-0.36405	-1.1846	-1.0523
-0.86544	-0.95097	-0.35641	0.31034	0.32192	-0.91433	1.1998	0.92337	-0.12399	0.33019
0.26944	1.6218	0.14101	-0.87267	0.82314	-0.84608	-0.084205	-0.58331	-0.85188	1.3967
1.1417	-0.11559	-1.1224	-0.92905	0.50897	-0.56386	-0.86942	-0.99521	-0.42358	0.34322
1.6178	1.0493	0.13991	2.1167	0.78186	0.28226	0.86949	-0.69426	0.35749	1.645
-0.60315	-1.1526	-0.16203	-0.43837	-1.326	0.87478	0.96852	1.314	-0.33618	-0.25628
1.2491	1.7779	-0.47723	-0.40664	1.8027	-0.2013	2.2357	-0.92377	0.35275	-0.70917
-1.1901	-0.96419	0.39815	1.7764	-0.20194	-0.89457	-0.11211	-0.65707	0.18943	-0.58845
0.16102	1.6058	-1.1557	1.9768	1.0042	-0.11738	-0.15456	-0.39742	-0.22578	0.060899
-1.8098	-1.2334	0.69979	-0.62118	-0.35421	-1.2808	0.18002	0.42057	-1.8093	-0.20771
0.61978	1.3963	0.30234	0.9293	1.2419	-1.3116	-1.0672	0.4371	-0.011652	1.0629
-0.21047	3.1552	-0.10216	1.539	1.4874	0.1119	0.39334	1.7307	0.3169	0.69062
-2.3898	-1.6838	1.1971	-0.010512	0.82519	-0.93724	-1.6248	0.076073	-1.2513	0.4275
-1.0849	-0.76389	-1.1322	0.69452	-0.70619	-1.1382	0.51954	0.1078	0.51774	-0.70178
0.75083	1.8115	0.29639	-1.4733	-1.5217	0.66861	1.1481	-1.0364	1.1606	-1.0089
0.20219	-0.90175	-2.1796	-1.0109	0.98403	0.59351	-0.90407	0.18509	0.55128	-1.0664
-0.81096	1.4394	0.36763	-1.2357	0.61292	-1.9473	0.95576	-1.3713	0.72757	1.9107
0.47746	0.53971	0.59722	-2.219	-0.49817	0.32572	0.30444	0.29038	0.73568	0.069841
1.3285	1.1653	0.57682	1.1737	1.0049	0.42821	0.01981	1.0764	0.2988	0.99611
-0.16324	1.1371	-0.47277	1.0707	-0.25112	0.70583	-1.8929	0.56647	-0.46331	-0.2766
-0.69585	-1.5998	-1.8803	0.0095608	-0.4747	-0.18801	1.2784	1.6593	0.67468	0.69458
-1.2312	-0.59375	-0.33695	-0.30053	1.8349	0.067323	1.5722	0.55028	0.040071	0.73981
0.31947	0.062012	0.54163	0.60433	0.48437	0.54586	-0.2623	-1.4727	-0.60893	0.34045
0.10144	-0.77922	-1.0017	0.15521	0.56888	0.51356	0.2301	-1.6723	0.86876	0.51721
-1.3396	-1.262	-1.0929	-0.32623	1.0952	-0.085695	-3.0689	0.095586	-0.046156	2.0273
-0.46104	-0.65079	0.76227	0.73319	-0.77404	0.93067	1.5977	0.23462	-1.9982	-1.3493
-1.955	-1.7522	-0.87915	0.55483	0.75941	1.0621	-1.0924	-0.94529	-0.45307	-0.072819
0.99645	1.2261	0.067591	-0.45975	-0.99347	0.15266	-0.1857	-0.62618	0.022659	1.0139
-0.11781	0.42576	-0.53306	-0.10698	0.21284	1.4999	-1.8151	1.1934	-0.37663	-0.17485
-0.26013	-0.0012547	0.78085	-0.76135	0.9326	-0.23967	-1.4265	-1.1253	-0.9106	-1.0383
0.068823	1.1328	0.84837	0.7129	0.1356	-0.12082	1.6044	0.54606	1.458	0.70689
0.12711	1.0602	-0.69016	0.53234	0.041903	0.94734	-0.77406	0.91575	-1.2305	0.20622
0.30145	0.1542	-0.8478	-1.5537	-0.94421	0.78344	-0.48579	-0.69743	0.68462	-1.0692
-0.92961	-0.31386	-0.48933	2.4319	-0.29357	-0.38045	-1.4057	1.5949	0.062228	0.14583
-1.3173	-0.48638	-0.56757	0.22815	0.35452	-0.82213	-0.54354	1.4247	-1.1936	-0.13826
-2.0468	-2.3845	0.30837	0.52793	-0.11827	0.70627	-3.2169	-0.33194	-1.8975	1.7343
-1.2901	-1.1361	-1.0755	0.06963	-0.13535	1.8578	-0.12154	-0.37326	1.2462	-0.72698
-2.7082	-2.4704	0.9283	-1.1525	-0.69302	1.0477	0.64393	-0.93547	0.86831	-0.29473
-0.19318	-0.5072	0.78425	-2.7865	-0.18219	-2.5142	1.4171	0.13837	1.0444	0.010875
-0.032483	-0.98072	-0.81471	-0.23104	-0.30668	1.9348	-0.19478	-0.56312	0.021814	0.2396
0.4067	1.9787	0.75498	-0.77263	0.13924	0.38844	0.77184	-0.26683	0.33416	-1.952
1.6163	-0.82508	0.52052	0.27746	0.44391	-1.1065	-0.82368	0.82166	-0.31887	1.0674
1.9123	-0.18925	-0.17188	0.21322	-0.88571	-0.61597	0.66819	-1.2079	-0.088994	-0.047135
0.44617	-0.56783	0.29776	1.9568	0.25795	0.78255	0.18141	-1.152	0.52527	0.98822
2.1002	0.79653	-0.81399	1.1684	-3.079	0.012899	1.2222	-1.5538	-0.28683	-2.2253
-0.47272	-0.26447	1.6051	0.39556	-1.6865	0.79572	-0.063453	-1.0372	0.50386	0.86026
-2.1358	-1.9775	-0.75425	-0.44774	-1.1501	-0.59118	0.99452	1.0186	0.13209	0.74057
-1.0702	-0.42758	1.5889	0.23604	-1.3259	0.80667	-0.12262	-1.1653	1.3505	-1.1226
0.28474	1.614	-0.28516	-1.353	0.53325	-1.3608	-2.178	-0.2607	0.65119	0.30113
1.0912	1.7374	-0.4114	0.32876	1.5045	-0.13427	-1.2313	1.2668	-0.66913	-1.3124
0.33549	0.59903	0.77127	-0.3469	0.89816	-0.35788	-0.21553	1.3295	-1.3729	-0.7493
-1.2746	-0.91674	1.3422	-0.25417	0.29769	-1.4712	-0.70003	0.22581	1.5362	-0.74864
0.38124	-0.065615	-1.351	-0.14949	-1.1217	-1.7776	-0.45878	1.2561	-1.7033	1.4362
0.46579	1.3401	-0.22754	1.8023	1.0866	-1.0338	-1.5501	2.2377	0.43629	-0.55142
0.79409	1.3235	-1.7784	-0.34963	-0.26791	-1.1664	-0.67273	1.1283	-0.17416	-0.34827
1.2864	0.24649	-0.48455	-2.7343	1.0206	1.0139	-1.4873	-0.5322	0.082638	0.41365
1.7916	-0.13009	-0.040811	-0.16877	0.025904	-0.70228	0.12683	-0.45256	1.3029	0.80701
0.008775	-0.60694	2.0897	0.026822	-0.37438	1.4779	-0.2095	0.18607	1.4726	-0.91137
1.0266	0.698	-0.22795	-0.16428	-0.52188	-0.61978	-1.7321	0.6825	-0.97955	0.056775
1.261	1.0765	0.13874	-1.3519	0.8961	0.34356	-0.16254	1.0671	-1.5227	-0.20085
0.40221	1.9138	-0.80841	-1.6212	-0.51922	0.15338	-1.5573	-0.53222	2.113	2.6058
1.7932	0.48061	-0.72224	0.29362	-1.5897	2.0646	0.35241	-0.3661	-0.44854	0.69539
1.5655	-0.048871	0.7572	-1.2659	0.55456	-0.18028	1.589	2.896	-0.11949	-1.2066
1.3014	-0.01734	0.58304	0.85444	1.3769	1.4511	-0.19037	0.68661	-0.50617	1.8676
0.2309	-0.22189	0.67121	-0.033384	0.19413	-0.8093	-0.11955	-0.42197	-0.98191	-1.68
-2.0147	-2.6865	-1.2966	0.80873	-0.037764	0.97522	-0.20372	-1.3482	0.896	1.5763
-1.4207	3.4348	0.22035	1.1722	-1.6199	-1.0231	-0.62122	0.45466	-0.83693	-1.4599
-0.16102	0.83979	0.78	-1.2874	0.6577	-0.46475	-1.7573	0.19643	0.28777	-0.34034
1.2408	1.4945	-1.2449	0.065594	-1.5417	-0.61348	-1.143	0.1255	-0.44897	0.24311
0.51964	2.0058	-1.4347	0.89939	-1.8143	1.5558	-1.2885	-0.27026	-0.025878	-0.96929
0.19733	1.3753	-0.92166	0.60757	-0.21415	0.82765	1.0916	-1.5617	-0.91703	0.49037
0.051252	-0.35953	-0.4981	0.46551	-1.1855	-0.2518	-1.2078	-0.10341	-0.49813	0.27247
-1.4196	-0.95343	1.3186	-0.99147	0.66538	0.04525	0.41989	-0.98969	1.1833	-0.46327
-1.06	-0.95519	0.59156	0.74188	1.1982	-0.068663	-0.30259	-1.6792	-0.053679	-0.2893
1.059	0.40392	-0.39915	-0.54008	1.183	-0.87547	-0.94283	0.44923	-0.30221	1.4396
0.17082	0.03121	1.0161	-0.55279	-1.1314	-1.2609	-0.98617	1.0216	1.1605	-1.659
-0.38627	2.3703	-1.0257	-0.0035318	0.75403	-0.33906	-0.66216	0.8327	-0.60178	-1.1348
2.7097	-0.8249	-0.79373	1.0477	-0.71785	-0.16252	-0.6467	-0.82577	-1.8217	-0.86155
-0.73222	2.6069	1.6329	-0.30855	1.6944	0.58791	-0.7817	-0.85953	-0.40827	1.1736
0.19831	-0.4289	0.17745	-1.1735	0.68753	0.56979	0.36125	-0.40949	-0.94529	0.55115
1.1701	1.207	0.21574	0.37044	1.8183	-0.32492	0.096215	-0.68464	0.63498	-0.6574
-1.7857	-2.1012	1.0024	-1.6065	0.57284	0.97042	0.2402	0.1076	-1.175	-0.19382
-1.4489	-0.90435	1.0396	-0.17056	1.0223	-0.25631	1.0956	-0.28667	0.56983	0.52155
-0.15389	-0.56022	-0.99381	-0.4185	-1.6252	1.3568	0.44552	1.0264	1.26	-1.0306
-0.28882	1.7838	-0.81839	-1.1842	0.53421	0.60216	0.50276	-0.10652	0.29077	-2.3771
0.84108	1.6154	0.90864	-0.95824	0.34875	-0.52478	1.3784	-0.48881	0.57447	0.221
0.93326	0.72501	0.13181	2.2005	-1.0138	-0.35704	-0.28118	0.43926	0.28654	0.21959
-2.9715	-2.3921	0.31478	0.40288	-0.3175	0.85066	1.035	1.0619	0.31451	-1.7789
1.8078	-0.092749	0.38719	-0.1304	1.0022	-1.4337	-0.55409	-1.7766	-0.21005	-1.5564
1.2215	0.71652	-0.81034	-1.0824	-1.5258	-0.95362	0.19941	-0.7643	-0.18015	0.48223
-0.73221	-0.73738	1.5432	-0.48296	-0.27201	-0.018691	-0.22348	0.18054	0.41733	0.22073
-0.60041	-0.35461	-0.5574	-0.10225	0.34165	-1.038	-1.4164	0.63511	1.0753	0.81848
0.15839	1.7145	-0.28859	0.92584	-0.12464	-0.3715	1.9018	0.14765	-0.55537	1.6568
-1.2532	-2.1603	0.94407	0.33006	0.21709	0.55315	1.3856	-0.35009	1.3317	2.0884
-0.98116	-0.80812	0.043437	-1.525	-0.31252	-0.8196	1.0233	-1.5116	0.02322	0.72024
-0.97312	3.0833	-0.8907	0.09865	0.67124	0.3909	0.50932	0.067133	0.60673	0.12645
-1.6316	3.3726	0.49566	-0.16677	0.0063762	-0.25718	0.65537	0.54619	0.1837	-2.4051
0.63605	0.81404	0.43734	1.2731	-1.1856	1.5164	-1.5812	0.47233	1.1207	0.87849
1.3673	-0.137	-1.1978	-0.43373	-0.44802	0.085326	-1.0792	0.05854	0.73972	-0.025926
0.53258	1.1901	0.063672	1.3596	-0.087498	0.18259	-1.089	0.0089443	-1.3581	1.4471
-0.81886	-0.80891	-0.63193	-0.92742	0.69629	1.0199	0.81647	0.57342	0.21781	-2.0059
-1.7018	3.9302	0.61183	1.0865	0.24965	1.1394	1.4329	0.52062	-1.8646	0.66729
-0.56497	2.0868	-1.4661	0.16034	-1.2419	-0.4358	0.20345	1.1458	-0.30801	0.09393
-0.53524	-0.43831	0.85583	1.5942	-0.93513	2.104	0.90942	0.91364	-1.7558	-0.88944
2.5562	0.050768	1.1257	1.2796	2.7826	-0.0766	0.34995	-0.61848	0.091734	1.4734
3.0224	-1.3464	-1.8226	-0.55404	0.37592	-1.2881	1.6297	0.26535	0.80034	0.18659
-1.0408	-1.0767	0.16088	-0.34719	0.30525	-0.10728	-0.62502	-0.75127	0.3716	0.85306
-2.221	-2.2279	-0.40839	-0.45511	-0.4459	1.2091	0.3778	0.76421	0.22177	-0.80088
0.50741	1.6357	0.83499	0.96132	0.76311	0.8534	-1.1095	-0.58941	-0.39242	-0.65441
-0.56339	1.8317	0.39661	0.28802	-0.92145	-1.079	0.59223	1.4991	-0.49195	-1.978
0.68433	0.40214	0.36581	-1.9982	-0.57686	2.392	0.74292	1.4982	-0.2718	-0.22529
-1.8158	-1.996	-0.47674	-0.22725	1.1628	-0.74669	-0.91443	0.029127	2.0325	-0.5212
0.29758	0.92199	-0.50685	1.6635	-0.27337	-1.0756	-0.1857	-0.94331	0.62612	-0.48328
0.65175	0.92185	0.96707	0.54593	0.72003	2.2274	-0.65518	-1.1526	0.083385	0.68123
-1.0908	-0.55942	1.18	0.65439	-2.1156	0.2917	0.55525	-1.3263	0.67826	-0.97326
1.788	-0.068587	0.77548	-1.7448	-2.2186	0.2043	0.17838	1.2154	-0.080383	-0.072668
-0.83462	-1.6578	0.79948	1.9421	-0.81777	1.0178	1.5257	0.89867	-0.67953	-0.28751
1.8979	0.66732	0.35515	1.1765	0.20281	-0.39639	-0.71855	-1.1475	-0.11804	0.09132
-0.2722	1.3321	0.66741	-1.5672	0.14879	-2.4769	-0.80087	-0.30547	0.046656	-0.37542
-0.43377	2.0839	1.1484	-0.77242	0.68951	1.5568	-0.92037	-0.19041	0.19552	2.0811
-0.83128	2.0887	-1.1009	1.1645	-0.89863	0.39506	-0.42668	-0.43764	-0.94563	-1.0742
0.23929	0.045703	-0.087524	0.077246	0.73433	0.88482	-0.39328	0.090487	-1.287	-0.5001
0.38124	1.3447	1.0452	0.27011	-0.33976	-0.46095	-0.7299	0.81188	-0.18259	-1.7014
0.38063	0.014988	-2.0254	0.86721	-0.26418	-0.25901	0.53803	0.2113	0.096166	-0.25473
-0.35016	-0.067912	0.40787	-0.34656	2.1353	1.7116	0.38685	0.6913	-0.80621	-0.70255
0.16664	2.4365	0.12939	0.89062	0.49283	1.1571	-1.7396	0.95749	0.20139	-1.3614
1.2517	0.70653	-0.39512	0.49484	-2.1277	-0.71747	1.105	1.1932	0.037283	-0.86893
-0.58146	-1.8715	0.6803	-0.94887	0.46806	-0.13238	-0.81185	-1.5636	0.79869	1.9867
1.441	1.0158	0.027691	0.045679	-0.53259	-0.28475	0.076282	0.66298	-0.40876	1.4218
3.3171	-1.2695	0.55042	0.26942	0.55059	-0.52271	1.2286	0.055143	0.75141	-2.9273
-1.2109	-0.43667	-1.051	-0.26517	-0.36182	-0.096305	1.2329	0.60705	0.58354	-0.23552
-1.1337	-1.0897	-0.80619	0.48925	0.40381	1.2003	-0.69674	-0.28721	0.71552	-1.2049
0.76591	1.2982	0.41113	0.70548	-0.59695	0.66086	0.33818	-0.22992	-0.11831	0.59916
-1.3777	-0.88878	0.21559	-1.5595	1.5801	-0.25932	1.1227	1.2186	0.95581	0.30797
2.2421	-0.35366	-0.58157	-0.1798	0.98792	0.42948	0.35878	-2.1928	0.030548	0.56206
1.2073	-0.46965	1.2308	1.4789	0.33939	0.2911	0.76586	1.2543	1.7243	1.0348
-0.13837	1.472	2.0999	-0.55792	0.71271	-0.65122	-0.49871	0.93268	0.11328	-1.1223
-1.0508	2.7983	0.63668	-0.098591	0.012275	1.7018	0.83433	-0.27944	1.0498	0.31429
0.20852	1.8176	1.6028	-0.46982	0.02945	-0.086392	-0.40227	-0.95845	1.1474	-0.14434
-1.0281	-2.3014	0.27832	-0.77321	-1.6802	-0.47597	-0.84632	-0.49555	-0.29627	-0.00092372
1.5869	0.33194	0.54328	1.9437	-0.99762	0.13269	-0.37659	-0.76865	-0.66142	-0.1355
-2.9411	-2.293	-1.3088	-0.30125	0.33781	0.13227	-0.79218	-0.16079	-1.9807	1.6281
-0.82006	-0.23574	0.77858	-0.036335	-0.5111	-0.7476	0.21609	0.3702	1.7698	1.4939
-0.90507	0.27849	0.09375	-0.97986	-0.020098	0.49357	-0.49014	-0.46994	-0.80249	-0.16812
-0.60023	3.2282	2.2299	-0.3735	-0.40901	-0.97052	0.76144	1.3534	-1.9767	0.17786
-0.87342	0.06233	-0.56206	0.1851	-1.0398	0.26803	0.46052	-0.39443	-0.04319	-1.1851
-0.55266	-0.032187	-0.4574	0.51499	1.3938	1.4725	0.88167	0.45727	-0.15129	1.3971
-1.8031	-1.7334	-1.0665	0.10289	1.7361	-2.0318	-0.21348	-1.4445	-0.32912	-0.59189
1.3514	0.48277	0.59073	-0.64765	-1.2469	-0.91406	2.5098	1.1457	0.1294	0.67967
-0.62587	1.9001	-1.6435	0.037781	1.0135	-0.72565	-0.23797	1.3018	0.049773	-0.30518
0.76871	0.36673	-0.057066	0.57206	-0.44367	1.1082	-0.44476	-2.6291	-1.3514	-0.37496
-0.62718	-0.17283	0.69352	-0.70941	-0.017123	0.098988	-0.18199	0.91144	-0.44828	0.20601
0.17328	-1.0007	-0.078679	1.2591	-1.0275	0.18536	-0.9756	0.89204	0.30126	0.14899
0.69309	1.2359	0.1527	-1.5441	1.1547	-0.018266	0.52435	-0.82657	0.35098	0.31242
0.52876	-0.04858	0.39256	-0.25286	0.95868	-0.5646	0.33837	0.49044	-0.85477	-0.11028
0.041372	-0.61016	0.187	-0.46398	-0.62159	-0.19302	-0.061164	-0.73442	-0.77804	-1.1443
-0.16875	0.81404	-0.40717	0.070128	0.2523	0.8418	-1.8416	-0.69362	0.83588	-2.32
-0.088209	1.8361	0.9244	-1.0691	0.43226	-0.53919	0.2513	-1.2887	1.4417	-0.64368
1.2535	2.077	0.36256	0.22287	-1.1656	-0.36676	0.07365	0.61905	0.78179	0.80365
0.46139	1.5453	-0.31722	-0.21527	1.4486	1.7937	-1.2966	-2.1636	1.26	0.09321
-0.33315	2.2521	-0.89964	-1.4159	-0.10749	0.29075	0.51899	-1.145	-0.70106	-0.12658
0.77365	0.14771	1.3316	-0.39358	-1.0605	-1.4557	0.32655	0.44496	0.28364	-0.47735
0.74138	0.77969	0.78608	-0.69458	1.2113	2.4305	-0.84325	-1.5174	-3.1027	0.36828
-0.98761	-1.4284	-1.129	0.22173	0.64466	0.60718	-0.42496	1.18	0.030143	0.11473
0.58373	0.73214	-0.073732	0.093146	-0.21329	0.4468	-0.28267	-0.3541	0.30305	-0.16614
-1.2778	-0.78861	-0.81844	0.62848	1.6703	0.65507	0.41914	-1.6021	-0.075175	-0.29753
1.9589	1.367	-0.32585	-0.99499	-0.0058918	0.7648	-0.64709	0.5458	-0.014612	0.1776
-1.214	-1.2437	0.81152	-2.028	0.4648	0.45002	-0.016285	-0.29333	0.033763	-0.12306
-3.3554	-1.7792	-0.1599	-0.48799	-1.4232	-0.84648	0.20061	0.25221	-0.33833	0.59646
0.58665	0.96684	0.99736	-0.68028	-1.1219	-0.0044852	0.29864	-0.55227	-0.44613	-0.50026
0.92359	1.4259	-0.72408	-0.44503	-0.20946	-1.5995	-0.37614	0.38899	0.030579	0.04914
0.20149	0.88977	-0.16203	-0.27043	-1.0207	0.30103	-1.1049	0.11893	1.1855	-0.012914
0.87133	-0.57238	0.92813	-1.2092	-0.75369	0.31541	-1.1863	-0.82139	-1.427	0.060456
-2.2161	-1.3411	0.0092605	1.8838	-1.7419	0.97885	0.68345	0.060541	1.7102	-1.084
1.5803	0.4433	0.78545	-0.92572	-0.53317	1.072	-0.13378	-1.0799	0.096061	-0.37487
-0.012148	2.5424	-1.1222	-1.2149	0.34665	0.38445	1.8452	-0.39416	0.6606	-1.8632
-0.57048	-0.43193	-0.98511	0.059189	0.38535	-0.74282	-1.0841	1.2449	-1.3145	1.1317
1.7268	1.2143	-1.6835	-0.14463	0.43755	0.885	-0.18914	-0.63905	0.53794	1.4222
0.31615	1.8662	0.58042	-0.32318	0.94207	-0.10857	0.607	-0.5577	1.0893	1.2325
-0.32483	-1.0195	0.68413	-1.0143	0.89769	-0.41563	0.091946	1.9425	-0.92534	0.15175
-0.16326	0.41894	1.0774	0.9961	0.71778	1.5898	0.20629	-1.0158	0.96154	0.33534
-1.6885	-1.6701	0.084889	1.6223	0.82447	1.4431	-0.29314	-0.44194	1.0264	0.97315
-1.8552	-2.5394	-0.026056	-1.829	1.8209	0.098199	-0.7354	-0.2666	-0.0069924	-0.50331
-1.3175	-1.9308	0.69013	1.8538	0.90278	-1.8377	0.12963	-0.080191	1.2497	0.56084
-1.8007	-0.70156	-1.5708	-0.13107	-0.18004	0.76404	-0.54422	0.43202	-0.66281	-0.69294
-2.3351	-1.9812	-0.90915	0.41501	0.62813	0.25813	-1.053	1.4188	-0.77123	0.38022
-1.0583	-0.83547	-0.20484	0.32349	-0.38118	0.023121	-0.50838	2.8584	0.72328	-1.2722
1.0831	1.0197	0.43357	0.16863	-0.49345	-0.12764	0.64536	0.27781	-0.85192	-0.64948
-2.3637	-1.7627	0.098982	-0.80102	-0.74405	-0.43997	-0.49971	-1.6469	-0.0051637	0.59647
1.6346	0.32807	0.59331	0.69116	0.82489	-0.8407	0.53531	1.5097	0.022958	-0.37539
1.2406	0.91082	0.92698	-0.17832	-1.0302	0.56991	-0.22373	-0.50305	-1.5412	0.27456
0.073256	2.4595	0.81714	-0.96555	1.2013	-0.032491	-1.6519	-0.40022	0.03986	0.32928
-0.32614	-0.42708	1.1491	1.4282	-0.35618	-1.971	0.87732	0.46254	0.16895	0.95572
-1.4248	-2.1792	0.68632	1.5635	-1.6127	0.31143	-0.35152	-0.5875	0.096949	0.79707
0.4607	1.2241	0.16657	-0.61399	1.4184	-0.088259	1.4858	-0.69432	-0.55633	0.20782
0.84757	0.95116	0.15221	-0.22301	-0.75851	0.2437	-2.1713	-1.333	-0.81223	0.59292
0.81694	-0.24279	-0.44206	-1.6809	0.056039	-1.513	0.11566	-0.041269	-2.1663	-0.57716
1.0597	1.1748	0.34072	-0.050684	0.19415	-0.65761	-1.9744	0.24049	1.0582	1.7182
0.12639	1.7551	1.086	-0.63543	0.2151	-0.91939	-0.19103	0.21027	0.44179	1.9001
1.2835	1.2496	0.93743	2.4929	-1.3343	1.4167	-0.82377	-0.47906	-0.099348	-0.84358
3.2967	-1.6337	0.067267	-0.19746	-0.086125	0.7242	-0.16499	0.068244	-0.026203	0.76933
1.3629	0.75756	1.9636	-2.1246	-0.14522	0.56261	-0.059572	-0.032526	1.464	-0.57606
1.3794	0.93289	-2.2572	-0.24818	-1.2222	-0.40299	-0.59854	0.47525	0.73428	0.54229
0.78993	1.1846	0.76044	-0.9669	1.3227	0.76864	-0.64346	0.96179	-0.37779	-0.94877
0.85411	1.2384	-0.91144	1.0212	0.63792	0.36394	1.5574	-0.59876	0.74193	0.70695
-0.21774	-0.0042689	-1.5265	-0.85172	0.13186	1.091	0.75813	-0.43124	-0.1416	0.24801
0.76301	0.73978	0.90239	-0.15739	1.8022	0.71556	0.51494	0.9646	0.34177	0.24564
-2.0486	-2.8943	-0.54958	-0.33773	-1.0685	2.1301	0.048209	-1.3232	0.53053	0.88905
2.7487	-0.29765	-0.55651	0.25585	0.43344	-1.4935	1.6613	0.75418	0.20727	-0.22409
0.069869	2.7092	-1.6045	0.83138	0.42044	2.1298	-0.36995	-1.4079	-0.71846	-0.19887
1.5364	-0.06953	0.58503	2.4592	-0.15325	-0.35534	0.66707	0.92711	0.18929	0.54923
-0.3652	-0.097983	0.29138	0.12317	-0.50202	0.87055	0.67591	-1.8328	1.3145	-0.00013663
2.1	0.1884	-0.63708	0.57635	-0.25367	0.26302	-0.10337	0.4784	-0.57978	1.9011
-0.93494	2.7608	-1.6535	0.14442	-0.43118	0.61774	0.20298	-2.1957	0.5013	1.3266
0.95719	1.01	-1.492	1.174	0.91397	2.2844	-1.1447	-0.33537	0.7162	-0.70742
-1.0958	-1.601	0.98862	-1.3228	-0.24441	-0.1988	0.55073	-1.2385	-1.1951	0.41882
-2.8163	-2.8362	-1.1983	-0.76863	-2.0265	-2.1147	-1.0278	2.253	-0.7842	-0.83188
1.6331	-0.59078	-1.6448	-1.2284	-0.84257	-0.77948	-0.42508	-0.20792	-1.4392	1.0538
2.5677	-2.4875	1.0131	-1.5944	-0.0057323	-2.0728	0.21376	-1.5688	0.13423	-1.5272
1.2342	0.93488	-0.30131	1.0579	0.698	0.25344	-0.34103	-1.5386	0.29713	0.14468
-0.41118	0.21684	0.67818	-0.18909	1.7395	-1.346	1.3909	-0.94955	0.52259	1.0231
-1.6974	-0.67939	0.79997	0.56	-1.2086	-0.56784	1.7664	0.52786	1.3326	-0.45739
2.259	0.97221	-0.49347	1.3522	-0.97425	0.5801	-1.062	0.32281	-0.81578	-0.10013
-0.52245	1.5914	0.10643	-0.16763	0.089446	0.40304	0.14114	0.67047	0.20324	0.070398
-1.7783	-1.6421	-0.13444	1.9956	0.20324	0.058548	-1.1863	1.7895	-0.35555	0.33056
1.0242	0.52418	-0.056095	0.37355	-1.1143	-0.41872	-2.3712	-0.76412	-0.31964	0.85756
-0.042988	-0.94176	-0.26484	0.54569	0.38714	-1.2313	-0.092158	-1.8989	-0.23974	1.1354
-0.95836	-1.2222	-0.24971	-0.24345	-0.13183	1.5139	0.66918	0.84089	-0.49826	1.2741
1.1093	1.2509	0.23985	0.0026644	1.2645	0.72038	-1.0386	0.20732	-1.479	-0.55771
1.0342	1.5847	0.39678	0.63733	-0.34793	1.6481	-0.5204	-0.40852	0.24032	-1.5574
-0.90913	-0.51001	3.002	0.053434	0.95543	0.20103	-0.1804	0.48373	1.1975	0.64202
1.8293	-0.52729	-0.23442	-0.98722	0.04907	0.79855	-0.54648	0.80661	-0.45989	0.55712
-0.60784	0.30798	-0.15976	-0.115	0.67326	0.90972	-0.0065125	0.84527	-1.4312	-0.3312
-0.6842	-0.22654	-0.53551	-0.835	1.1881	0.59419	-0.066064	-1.0292	1.2069	-1.3675
2.8749	0.16189	-1.0334	0.54619	-0.23943	-0.8556	-0.53497	-0.19937	-0.36246	-0.84336
-1.8909	-0.82389	0.25218	0.72875	1.0401	-0.49182	0.84284	-0.080848	1.2704	1.141
-1.9783	-1.9047	-1.2388	2.0915	-1.2491	1.5237	-1.3866	1.3175	0.96047	-1.486
-1.5126	3.063	-0.86027	0.48275	-1.6499	0.48749	-1.0034	-0.23228	-0.38734	1.2109
-0.68327	2.1593	1.8638	-0.61379	0.64293	0.55474	-0.82625	-0.34383	-1.8362	1.073
-0.46196	-0.81504	-0.9802	1.6356	0.15562	0.40174	0.66044	0.32233	-0.9904	-0.84703
3.0956	0.31473	-1.2147	-0.86448	-0.37331	-0.47766	-0.47582	-0.92966	-2.5245	-0.34227
2.9564	-0.32231	0.29577	1.0399	-0.20018	1.0582	-0.32195	0.44761	0.22794	-0.45093
0.3547	0.38657	0.7381	-0.1125	-2.0617	-1.0377	-0.55905	0.2531	-0.76236	-2.0417
-2.3853	-1.0768	-0.63025	0.20705	0.10559	0.65878	1.169	0.40485	-0.41891	-0.63601
-1.0912	-1.3875	0.080683	-0.32231	-0.32593	-0.4682	-0.7558	0.16698	0.1495	-1.0015
-0.48497	0.21519	-0.51551	1.6348	0.12573	-0.33262	0.47345	1.2905	0.65193	2.0343
0.17049	0.54979	1.8235	0.70743	-0.027516	1.3528	0.14502	-0.65462	-1.0397	-0.49906
-1.0233	-1.0754	0.20611	1.9901	1.134	1.0367	-0.24489	0.71844	-2.5714	-0.68554
-1.2506	-0.6873	0.47256	-0.73113	-0.12968	1.0965	-1.3068	-0.2487	0.6706	0.34488
